26
28
35
46
54
64
65
72
75
77
78
82
89
94
113
114
126
165
173
174
179
184
189
192
204
211
212
229
234
238
258
262
275
284
286
287
291
295
299
303
308
314
320
323
325
338
345
352
358
368
372
376
377
383
389
391
394
395
397
400
406
409
423
427
431
463
468
480
482
485
492
505
508
518
522
523
526
527
535
541
545
547
557
558
560
562
563
566
569
574
581
586
594
597
602
612
614
617
622
633
634
636
643
663
666
677
694
696
697
703
709
710
713
716
717
720
721
724
738
746
751
760
779
786
797
798
808
815
816
818
822
830
841
849
867
891
899
907
908
917
919
923
925
932
933
937
940
947
954
965
968
986
1004
1017
1030
1040
1052
1056
1067
1068
1071
1074
1087
1088
1090
1094
1103
1114
1119
1120
1123
1149
1162
1171
1174
1183
1195
1203
1216
1224
1226
1228
1230
1231
1236
1239
1244
1249
1250
1254
1256
1261
1272
1287
1293
1311
1315
1318
1331
1334
1349
1354
1358
1368
1373
1376
1393
1394
1405
1410
1413
1414
1426
1428
1430
1433
1434
1436
1438
1446
1457
1472
1485
1490
1492
1494
1500
1503
1506
1522
1523
1527
1540
1541
1543
1544
1545
1555
1557
1560
1576
1579
1585
1594
1603
1606
1609
1611
1618
1624
1628
1653
1659
1663
1664
1685
1691
1701
1723
1730
1750
1751
1754
1758
1787
1791
1792
1793
1800
1808
1812
1828
1830
1838
1855
1861
1880
1881
1907
1911
1914
1937
1956
1988
1991
1993
2011
2029
2033
2034
2039
2047
2063
2065
2071
2075
2080
2084
2088
2092
2109
2110
2113
2139
2147
2148
2150
2157
2167
2182
2183
2189
2192
2219
2230
2231
2233
2237
2238
2253
2256
2261
2262
2264
2265
2267
2271
2280
2286
2290
2327
2334
2337
2341
2345
2349
2351
2353
2363
2366
2375
2377
2391
2393
2400
2401
2402
2404
2409
2416
2418
2443
2444
2451
2464
2475
2482
2483
2484
2495
2498
2499
2501
2505
2520
2564
2584
2591
2594
2619
2638
2639
2656
2658
2666
2667
2675
2678
2692
2696
2700
2717
2733
2735
2747
2766
2771
2777
2794
2796
2803
2813
2814
2818
2822
2828
2848
2850
2855
2857
2862
2870
2876
2882
2892
2898
2905
2925
2926
2935
2937
2941
2948
2958
2981
3013
3022
3023
3028
3034
3046
3049
3053
3057
3058
3073
3076
3083
3090
3098
3099
3109
3130
3145
3159
3181
3187
3205
3211
3214
3217
3219
3221
3224
3225
3242
3248
3258
3262
3267
3285
3297
3304
3306
3308
3309
3312
3314
3316
3319
3327
3335
3336
3340
3341
3343
3354
3394
3408
3435
3446
3454
3455
3456
3479
3487
3499
3505
3506
3511
3518
3522
3525
3526
3540
3547
3550
3551
3556
3564
3567
3568
3569
3577
3581
3590
3592
3594
3600
3606
3611
3612
3613
3614
3615
3639
3640
3665
3682
3683
3691
3695
3697
3706
3711
3714
3718
3727
3739
3773
3776
3777
3785
3791
3794
3795
3797
3802
3808
3811
3823
3831
3834
3839
3840
3842
3847
3856
3860
3872
3873
3876
3881
3909
3915
3931
3936
3953
3959
3967
3973
3979
3992
4005
4012
4020
4021
4022
4026
4045
4051
4061
4067
4068
4073
4088
4124
4132
4138
4147
4151
4156
4169
4172
4188
4192
4194
4196
4206
4217
4240
4247
4254
4259
4271
4275
4280
4281
4284
4290
4306
4311
4313
4315
4319
4322
4329
4335
4342
4344
4345
4349
4351
4358
4362
4370
4377
4378
4379
4380
4385
4391
4399
4410
4431
4432
4444
4451
4464
4466
4483
4487
4490
4518
4520
4534
4558
4565
4575
4590
4596
4597
4600
4602
4611
4618
4622
4625
4630
4631
4634
4635
4636
4637
4652
4655
4677
4699
4702
4703
4704
4714
4728
4752
4754
4759
4761
4767
4770
4777
4781
4782
4791
4798
4808
4817
4818
4840
4849
4856
4857
4859
4862
4863
4864
4866
4879
4892
4899
4906
4910
4928
4931
4936
4947
4955
4967
4974
4977
4987
4988
4991
4996
5001
5014
5015
5017
5021
5022
5028
5036
5039
5045
5047
5050
5069
5074
5078
5083
5085
5087
5093
5095
5103
5104
5106
5110
5112
5115
5117
5121
5127
5147
5160
5161
5162
5172
5180
5182
5191
5192
5194
5201
5226
5230
5234
5250
5256
5265
5268
5271
5273
5287
5294
5313
5321
5322
5323
5333
5346
5354
5355
5357
5361
5367
5369
5370
5374
5375
5388
5409
5427
5430
5431
5432
5435
5450
5457
5467
5468
5471
5473
5484
5500
5502
5504
5520
5522
5526
5538
5548
5550
5560
5565
5574
5575
5579
5581
5585
5589
5597
5623
5633
5638
5641
5643
5678
5689
5690
5703
5706
5712
5716
5717
5729
5746
5747
5752
5755
5763
5766
5771
5778
5784
5792
5793
5799
5802
5828
5833
5835
5839
5847
5856
5879
5884
5887
5890
5893
5906
5921
5925
5928
5931
5935
5947
5956
5977
5988
5994
6018
6022
6039
6048
6049
6056
6063
6070
6075
6082
6083
6090
6093
6101
6105
6111
6123
6132
6142
6149
6152
6153
6169
6173
6176
6179
6182
6186
6194
6209
6211
6215
6226
6227
6250
6251
6260
6267
6270
6271
6292
6299
6303
6309
6313
6330
6332
6336
6337
6363
6366
6376
6380
6382
6389
6405
6408
6422
6430
6443
6452
6455
6465
6477
6480
6481
6488
6489
6493
6496
6505
6510
6526
6533
6538
6557
6572
6585
6588
6604
6606
6639
6654
6655
6667
6687
6703
6727
6728
6734
6737
6743
6747
6748
6749
6761
6767
6772
6775
6778
6787
6790
6792
6814
6824
6827
6866
6870
6872
6879
6881
6889
6902
6904
6921
6923
6936
6946
6949
6959
6986
6992
6996
7000
7003
7004
7017
7026
7027
7045
7049
7062
7076
7082
7091
7104
7110
7118
7125
7132
7137
7142
7147
7151
7159
7172
7243
7253
7256
7257
7258
7261
7267
7272
7278
7302
7310
7312
7315
7316
7326
7331
7333
7334
7338
7339
7353
7357
7360
7362
7366
7368
7369
7375
7386
7389
7392
7397
7400
7408
7410
7415
7420
7431
7436
7441
7446
7452
7458
7462
7467
7481
7496
7497
7498
7502
7513
7514
7516
7520
7522
7528
7534
7539
7541
7547
7566
7567
7568
7569
7578
7580
7589
7591
7599
7605
7606
7611
7613
7615
7616
7625
7629
7634
7636
7642
7654
7674
7675
7677
7678
7680
7702
7705
7706
7710
7711
7713
7719
7731
7733
7739
7746
7758
7790
7804
7820
7821
7822
7838
7842
7843
7845
7851
7859
7870
7874
7879
7888
7889
7894
7896
7897
7900
7916
7924
7930
7933
7943
7946
7947
7948
7954
7961
7977
7991
7996
7999
8000
8008
8010
8015
8026
8036
8042
8043
8049
8054
8064
8083
8084
8099
8102
8111
8123
8138
8146
8151
8167
8170
8171
8180
8188
8196
8199
8202
8204
8205
8209
8217
8227
8230
8245
8249
8252
8260
8262
8267
8291
8293
8298
8301
8308
8312
8313
8319
8332
8338
8339
8347
8349
8352
8355
8357
8363
8366
8369
8375
8385
8386
8391
8392
8396
8405
8409
8410
8412
8415
8419
8432
8439
8453
8469
8473
8474
8501
8509
8510
8511
8517
8518
8534
8535
8555
8563
8569
8575
8579
8589
8594
8596
8599
8607
8619
8620
8622
8644
8661
8663
8667
8688
8695
8713
8725
8732
8740
8744
8745
8750
8760
8774
8777
8798
8814
8817
8825
8836
8844
8848
8855
8869
8871
8878
8880
8889
8890
8906
8910
8911
8917
8926
8927
8929
8932
8941
8950
8961
8979
8989
8995
8998
9022
9023
9025
9031
9032
9038
9048
9052
9074
9083
9087
9110
9111
9112
9117
9141
9147
9152
9160
9175
9185
9212
9231
9236
9237
9243
9245
9251
9253
9256
9264
9277
9292
9296
9306
9325
9333
9339
9342
9347
9353
9367
9370
9372
9386
9388
9406
9407
9408
9427
9434
9437
9438
9449
9450
9451
9456
9458
9459
9460
9462
9464
9468
9475
9478
9501
9506
9512
9521
9529
9532
9537
9545
9550
9553
9556
9559
9561
9570
9575
9580
9581
9584
9590
9607
9609
9613
9614
9623
9634
9663
9668
9671
9673
9688
9692
9702
9704
9710
9718
9729
9748
9750
9756
9757
9769
9770
9774
9777
9789
9790
9805
9807
9818
9819
9822
9831
9840
9844
9855
9863
9871
9873
9874
9878
9888
9890
9891
9895
9899
9904
9910
9912
9915
9926
9933
9940
9944
9949
9952
9959
9969
9979
9981
9987
9999
10003
10017
10037
10050
10051
10053
10058
10070
10072
10074
10079
10084
10108
10110
10113
10127
10144
10149
10162
10163
10171
10176
10192
10195
10200
10202
10215
10218
10224
10228
10231
10244
10246
10247
10257
10276
10280
10281
10286
10308
10321
10323
10329
10330
10344
10346
10361
10374
10375
10381
10387
10398
10415
10421
10424
10428
10433
10452
10454
10466
10478
10486
10490
10492
10494
10501
10504
10514
10515
10517
10527
10530
10532
10533
10563
10566
10567
10571
10579
10588
10598
10601
10614
10626
10629
10630
10633
10634
10646
10658
10666
10668
10669
10670
10675
10689
10721
10725
10728
10730
10741
10758
10770
10781
10814
10821
10822
10825
10829
10840
10844
10849
10855
10865
10872
10884
10903
10905
10915
10921
10938
10947
10964
10972
10975
10994
10995
11000
11002
11010
11025
11033
11044
11047
11049
11052
11055
11058
11061
11062
11068
11072
11075
11080
11086
11088
11091
11100
11101
11124
11125
11129
11140
11154
11182
11183
11185
11187
11191
11194
11195
11196
11218
11239
11244
11246
11252
11255
11278
11280
11282
11289
11292
11298
11311
11316
11319
11333
11342
11343
11348
11351
11358
11363
11366
11369
11371
11387
11397
11418
11419
11420
11423
11426
11449
11450
11457
11458
11469
11471
11472
11475
11477
11499
11502
11505
11506
11514
11521
11526
11527
11529
11530
11535
11541
11559
11563
11575
11580
11584
11594
11604
11610
11613
11614
11617
11620
11634
11636
11637
11651
11662
11669
11678
11694
11710
11715
11721
11726
11731
11763
11766
11769
11782
11799
11802
11806
11808
11811
11813
11814
11816
11820
11835
11841
11844
11847
11848
11858
11887
11890
11905
11906
11923
11925
11939
11940
11944
11973
11976
11979
11980
11983
11990
12006
12009
12014
12024
12038
12041
12042
12049
12052
12067
12077
12082
12083
12097
12098
12101
12114
12117
12129
12142
12143
12145
12156
12158
12161
12164
12165
12169
12176
12212
12233
12238
12244
12249
12254
12255
12257
12268
12270
12275
12287
12294
12297
12298
12303
12311
12322
12327
12329
12330
12343
12350
12359
12360
12386
12393
12397
12398
12400
12404
12405
12411
12416
12435
12447
12463
12471
12479
12485
12487
12494
12497
12509
12522
12532
12536
12551
12556
12558
12569
12581
12582
12585
12590
12597
12624
12625
12626
12628
12632
12642
12643
12647
12651
12660
12666
12669
12674
12676
12679
12684
12690
12711
12718
12725
12727
12728
12734
12763
12766
12768
12771
12776
12779
12780
12781
12784
12791
12797
12800
12803
12813
12818
12819
12821
12833
12834
12845
12859
12861
12867
12870
12875
12893
12896
12897
12898
12910
12911
12919
12921
12922
12923
12924
12925
12927
12950
12953
12965
12967
12970
12989
13015
13016
13019
13020
13028
13033
13038
13052
13053
13059
13074
13080
13085
13101
13103
13120
13123
13124
13128
13134
13139
13140
13155
13168
13174
13179
13187
13190
13192
13215
13227
13231
13240
13252
13255
13260
13269
13270
13282
13283
13285
13290
13298
13300
13301
13311
13324
13329
13332
13333
13355
13371
13373
13376
13377
13383
13392
13405
13420
13423
13428
13435
13440
13442
13454
13459
13460
13462
13466
13467
13468
13475
13476
13480
13489
13495
13497
13505
13513
13543
13549
13556
13570
13587
13590
13593
13601
13609
13610
13619
13622
13623
13624
13627
13643
13645
13653
13657
13667
13672
13674
13681
13685
13690
13692
13699
13706
13714
13716
13727
13745
13755
13759
13765
13769
13775
13794
13795
13801
13814
13828
13829
13837
13855
13859
13860
13868
13872
13878
13882
13903
13907
13914
13918
13927
13928
13936
13943
13946
13952
13960
13976
13986
13995
14002
14003
14014
14016
14019
14021
14022
14026
14036
14038
14041
14043
14045
14048
14051
14053
14059
14060
14061
14073
14077
14089
14096
14107
14121
14126
14137
14138
14145
14148
14167
14176
14179
14188
14208
14211
14214
14215
14220
14229
14233
14261
14271
14283
14289
14295
14300
14301
14307
14319
14321
14324
14328
14340
14343
14346
14360
14370
14387
14396
14398
14399
14402
14415
14419
14427
14429
14439
14453
14460
14461
14465
14478
14479
14482
14485
14486
14489
14501
14502
14503
14504
14510
14512
14527
14532
14538
14545
14547
14554
14560
14566
14575
14576
14602
14619
14620
14621
14632
14635
14636
14656
14659
14691
14693
14694
14697
14701
14705
14716
14723
14724
14727
14737
14743
14744
14765
14785
14790
14793
14806
14815
14818
14819
14823
14836
14838
14844
14849
14871
14878
14882
14898
14899
14903
14905
14908
14922
14927
14930
14934
14936
14961
14974
14979
14985
14986
14993
14997
14998
15007
15016
15021
15025
15030
15033
15075
15079
15080
15089
15094
15108
15118
15122
15124
15143
15146
15149
15157
15161
15175
15176
15182
15184
15187
15191
15196
15201
15205
15207
15234
15237
15247
15266
15271
15274
15277
15287
15292
15295
15296
15311
15329
15341
15344
15347
15349
15350
15360
15361
15366
15368
15382
15385
15387
15391
15392
15393
15399
15401
15405
15410
15416
15421
15425
15427
15428
15434
15438
15439
15460
15471
15480
15500
15501
15503
15520
15524
15526
15527
15529
15541
15550
15561
15562
15566
15569
15574
15575
15585
15594
15597
15598
15619
15621
15626
15634
15638
15641
15648
15654
15659
15675
15676
15682
15687
15694
15700
15701
15708
15715
15723
15732
15743
15754
15768
15769
15785
15786
15794
15804
15811
15827
15835
15843
15848
15854
15859
15864
15872
15875
15878
15880
15882
15903
15905
15917
15932
15937
15938
15953
15954
15959
15963
15974
16001
16006
16007
16011
16018
16025
16026
16028
16037
16042
16046
16054
16056
16060
16067
16069
16078
16085
16092
16094
16102
16114
16116
16117
16124
16125
16135
16139
16143
16145
16146
16154
16157
16166
16175
16179
16182
16183
16188
16195
16196
16198
16202
16219
16220
16224
16240
16244
16248
16250
16251
16254
16257
16270
16271
16280
16284
16287
16293
16299
16352
16355
16358
16366
16371
16381
16384
16391
16398
16400
16411
16412
16419
16425
16426
16427
16428
16431
16468
16475
16481
16483
16485
16498
16508
16509
16510
16536
16539
16540
16544
16546
16554
16563
16564
16565
16567
16572
16574
16588
16590
16593
16594
16596
16604
16609
16619
16625
16626
16643
16654
16660
16661
16664
16685
16689
16690
16705
16707
16712
16719
16722
16731
16732
16742
16744
16756
16759
16768
16784
16795
16799
16802
16806
16814
16822
16827
16834
16838
16839
16841
16842
16850
16852
16856
16868
16880
16883
16889
16893
16904
16908
16918
16922
16924
16927
