6
32
50
65
109
126
131
150
155
182
192
256
258
266
269
294
316
335
359
373
383
415
421
428
438
446
463
481
522
540
555
565
572
617
637
641
705
722
730
744
761
777
791
802
823
847
851
856
886
914
928
931
957
962
970
979
980
1007
1013
1041
1059
1073
1147
1157
1180
1197
1201
1204
1212
1220
1230
1294
1315
1383
1395
1398
1401
1408
1419
1430
1469
1489
1500
1524
1605
1612
1639
1675
1683
1701
1702
1708
1748
1784
1789
1821
1845
1872
1949
1950
2027
2033
2058
2063
2069
2151
2155
2171
2176
2180
2218
2231
2248
2252
2259
2296
2319
2403
2413
2449
2469
2493
2513
2534
2549
2568
2579
2586
2607
2633
2637
2642
2645
2647
2662
2670
2676
2693
2700
2712
2725
2742
2754
2756
2780
2801
2810
2825
2827
2843
2927
2945
2958
2959
2985
2989
3011
3014
3038
3045
3086
3114
3115
3169
3177
3211
3218
3228
3236
3243
3249
3255
3266
3272
3306
3310
3371
3384
3396
3412
3415
3423
3424
3438
3455
3465
3468
3480
3482
3540
3601
3662
3683
3693
3727
3741
3750
3786
3816
3820
3821
3833
3873
3877
3883
3921
3967
3983
3991
4037
4042
4094
4112
4114
4140
4145
4154
4166
4171
4191
4211
4233
4251
4305
4337
4342
4350
4378
4416
4447
4481
4520
4526
4558
4584
4652
4664
4681
4699
4706
4719
4724
4728
4735
4747
4749
4766
4775
4799
4820
4855
4856
4870
4898
4905
4921
4943
4951
4967
5006
5007
5012
5047
5082
5096
5100
5101
5120
5150
5178
5196
5281
5288
5292
5293
5324
5329
5332
5366
5387
5400
5440
5453
5460
5472
5482
5533
5539
5559
5602
5622
5633
5663
5664
5687
5694
5743
5756
5771
5788
5792
5805
5811
5876
5894
5895
5901
5916
5936
5940
6011
6015
6047
6144
6242
6243
6260
6271
6275
6290
6304
6311
6326
6334
6355
6429
6451
6470
6490
6492
6512
6521
6553
6578
6585
6616
6622
6624
6649
6658
6713
6751
6773
6788
6827
6856
6880
6885
6926
6954
6966
6972
6981
6989
7017
7025
7092
7110
7166
7219
7220
7231
7235
7273
7275
7283
7299
7300
7357
7391
7410
7438
7452
7453
7460
7473
7474
7475
7483
7518
7524
7528
7538
7544
7556
7587
7648
7691
7734
7751
7756
7766
7785
7802
7806
7810
7834
7836
7861
7877
7888
7919
7921
7962
8000
8006
8013
8021
8047
8069
8076
8125
8162
8166
8197
8198
8213
8258
8273
8280
8319
8344
8369
8372
8379
8418
8437
8460
8472
8487
8490
8499
8538
8541
8557
8610
8611
8630
8636
8638
8640
8676
8692
8702
8722
8726
8739
8786
8797
8808
8819
8840
8899
8902
8910
8918
8940
8970
9031
9076
9086
9102
9164
9169
9177
9184
9209
9269
9270
9271
9299
9330
9413
9431
9458
9466
9505
9517
9519
9557
9574
9586
9636
9642
9645
9663
9664
9674
9681
9713
9728
9733
9734
9752
9779
9787
9806
9825
9834
9865
9871
9876
9908
9912
9941
9972
9981
9984
9994
10008
10011
10016
10058
10070
10114
10168
10171
10191
10214
10221
10228
10253
10277
10285
10302
10320
10326
10328
10377
10403
10441
10464
10475
10478
10548
10577
10578
10611
10612
10613
10637
10650
10661
10675
10695
10708
10751
10755
10780
10787
10793
10803
10833
10857
10871
10897
10910
10914
10922
10967
11004
11008
11041
11064
11091
11097
11135
11147
11152
11229
11238
11256
11258
11266
11273
11276
11324
11325
11341
11364
11381
11392
11435
11437
11459
11488
11503
11504
11520
11575
11597
11707
11727
11728
11774
11780
11833
11845
11861
11863
11892
11917
11933
11947
11949
11995
12009
12051
12091
12128
12129
12148
12153
12155
12164
12178
12179
12180
12181
12183
12198
12265
12266
12280
12289
12291
12304
12308
12319
12427
12433
12514
12525
12544
12608
12609
12615
12618
12664
12708
12788
12790
12795
12799
12814
12832
12844
12854
12885
12922
12927
12930
12976
12977
12991
13000
13047
13081
13084
13087
13098
13099
13119
13131
13133
13143
13213
13239
13240
13278
13327
13382
13385
13389
13417
13424
13431
13434
13475
13499
13515
13525
13526
13601
13624
13628
13641
13649
13703
13719
13720
13731
13733
13757
13777
13789
13838
13859
13870
13879
13882
13901
13935
13950
13991
14002
14005
14008
14017
14033
14042
14072
14080
14092
14099
14154
14170
14173
14177
14213
14221
14228
14266
14271
14275
14278
14298
14300
14304
14323
14332
14337
14348
14355
14371
14372
14377
14385
14387
14394
14408
14444
14466
14481
14509
14511
14515
14585
14589
14594
14603
14614
14632
14719
14735
14746
14762
14797
14865
14900
14912
14917
14934
14951
14975
14986
14990
14991
15010
15011
15024
15114
15120
15157
15165
15225
15301
15310
15313
15329
15333
15357
15384
15431
15438
15440
15444
15458
15462
15554
15568
15581
15593
15608
15677
15695
15701
15792
15799
15818
15829
15857
15877
15881
15924
15930
15942
15960
15968
16012
16038
16062
16067
16068
16109
16132
16172
16203
16205
16219
16237
16272
16297
16303
16353
16422
16427
16505
16534
16546
16553
16560
16621
16623
16638
16642
16651
16715
16717
16769
16800
16857
16888
16890
16891
16896
16912
